8(2.2000000000e-14)
13(1.0000000000e-14)
(2.9900000000e+05 2.9900000000e+05)
4(2.5000000000e-14)
1(2.8000000000e-14)
(7.1250000000e+05 7.1250000000e+05)
(7.0720070000e+05 2.9529930000e+05)
6(2.0000000000e-14)
7(3.2000000000e-14)
(2.6200000000e+05 2.6200000000e+05)
10(2.4000000000e-14)
(1.1955030000e+05 4.5644970000e+05)
9(2.6000000000e-14)
12(3.1000000000e-14)
(2.6800000000e+05 2.6800000000e+05)
3(1.5000000000e-14)
(2.5823670000e+05 6.4476330000e+05)
(3.4945360000e+05 2.2075930000e+05)
(5.8527050000e+05 6.1693410000e+05)
